R1 = -0.29788
R2 = -1.71212
