R1 = -0.02466
R2 = -19.68408
